0 0.02093855638284 0 7.861209584 0.01997977181428
0 0.0257870338004 0 7.768007148 0.01381864999848
0 0.0027678822369 0.009465160411604 7.810011744 0.03210118748776
0 0 0.012735311049208 7.830981592 0.0318307751066
0 0 0 7.78873008 0.0192170412004
0 0.0153893511496 0 7.778506388 0.02418562698888
0 0 0.024056743148072 7.870405008 0.000715180376492
0 0.0044164076844 0 7.787129492 0.03742477872204
0 6.900126852 0.04022715546496 0.02492141324208 0.06574277968
0.021938298774844 6.98037904 0.020329998477996 0.045951005078 0.0348633898848
0.00427961022684 6.833555032 0.02079291836052 0.0136058672306 0.056970060884
0.02411125760888 6.889354088 0.035875324547 0.004221952748764 0.05278062328
0.03387846007592 6.96301828 0.00794362282236 0.02217950523188 0.0570718142
0.04153726904156 6.897255244 0.007254874139396 0.02966067790256 0.046829093652
0.001709039540648 6.918706572 0.0319273104236 0.01271312249128 0.06008600556
0 6.92694816 0.033100851440208 0 0.066061157
5.927815952 0.04812370526056 0 0 0.0102855018796504
5.864060252 0.0217638117968 0 0 0.02779555981328
5.97277556 0.02589622556904 0 0 0.030581029444
5.872518184 0.0213720804794 0 0 0.0429185539004
5.955882888 0.0346558972664 0 0 0.03441000516328
5.97392874 0.022747718935396 0 0 0.02934458257332
5.8933563 0.025965192194 0 0 0.03310935336684
5.837866616 0.01250912007772 0 0 0.030459204842
0.050596039968 0.00100190090472 4.833923568 0 0.02181524937736
0.056288849388 0.005769548318692 4.946826036 0 0.035110511392
0.02843663948428 0.015991650539866 4.885669932 0 0.033561945327252
0.0260832623728 0.01529909098844 4.925052472 0 0.02405683535224
0.01726268422328 0.03364246213 4.930990152 0 0.0315592982296
0.0122175681916048 0.0424271779036 4.940307 0 0.042666226496
0.0377786827296 0.01083989013624 5.019976944 0.01814207436616 0.0286810963744
0.04020170496 0 4.929013564 0 0.02947017820208
0 0 0 0 3.603124132
0 0.001086408160792 0 0 3.625567248
0 0 0 0 3.626662088
0 0.014068700770124 0 0 3.597190112
0 0.00716580231188 0 0 3.637836212
0 0 0 0 3.616725848
0 0.00294591268448 0 0 3.675844744
0 0 0 0 3.678470804
0.9247782632 1.89744504 0.910763708 3.988424628 0.95256837
0.899155792 1.87271008 0.9094863784 3.889682644 0.9215920996
0.9352945492 1.904172444 0.917581144 4.029899904 0.9505145688
0.9401612908 1.904158812 0.932705092 3.960103912 0.9231427732
0.8683617984 1.85566856 0.8862439304 3.875608484 0.9022022004
0.9128886132 1.90544544 0.9121383616 3.928957144 0.9142751884
0.9417141764 1.922185252 0.9066149656 3.9820349 0.9673708516
0.881941166 1.890049768 0.9205378216 3.953374152 0.922103802
0.9304973816 1.932350984 0.922649904 4.02674244 0.93987356
0.8594172664 1.833016032 0.8735551828 3.833048356 0.9038404256
1.996082712 3.948184252 0.9771242996 0.9673273712 0.9586877204
2.000447396 3.985969652 0.9554357232 0.9694379132 0.988447294
2.0324591 3.971555352 0.9774095488 0.9610188044 0.9731391184
2.0345166 3.990827956 0.9611290576 0.9884341868 0.9844725372
1.985403252 3.910241184 0.9294330608 0.9515077032 0.9444338316
1.978037452 3.907696576 0.9692397412 0.9321403904 0.958987192
1.983756488 3.940431652 0.9456309372 0.9637924576 0.980338988
2.067592344 4.01136076 0.9670310988 0.9761469024 1.003111142
2.014650624 3.96761898 0.9481891968 0.9641496252 0.9993100584
2.033010324 3.945289824 0.9054745416 0.9809250628 0.9749958792
4.000002532 0.9083486308 1.871112084 0.9045171556 0.9330302544
3.912955076 0.9048868092 1.862560328 0.884670808 0.9163033392
4.014719928 0.9344234876 1.894774864 0.8907106196 0.9453289584
3.952402488 0.9203359412 1.854122472 0.8974076004 0.9023680888
3.922581092 0.9261770332 1.829257408 0.8363280392 0.9081393948
4.022162764 0.9271612868 1.89522358 0.9023067052 0.9600636536
3.891461988 0.905323946 1.84108708 0.8784226688 0.8969669888
3.93292962 0.8715532432 1.845322244 0.8788670092 0.903073228
4.032834132 0.9419580456 1.894575032 0.902034228 0.9677924608
3.957827656 0.9298055204 1.864381188 0.898083246 0.9278926268
0.8909371 0.8937459448 3.942988916 0.8862623884 1.929565568
0.8936295952 0.9507739356 4.075013784 0.9034046152 1.968595872
0.884895378 0.9024374 3.91774404 0.9054008364 1.916876924
0.9047506424 0.959800694 3.992438736 0.9000447648 1.957079596
0.931383236 0.940373262 4.071666372 0.9341042508 1.98046
0.9003852576 0.9148781492 3.965266984 0.8872518876 1.937096304
0.8880538764 0.9055880564 3.974711148 0.895385152 1.92842502
0.8941333364 0.9471412128 4.07424888 0.914628862 1.984489356
0.9062043744 0.953678716 4.004187176 0.9120016496 1.956559952
0.9331530052 0.9898130756 4.052541436 0.9455058092 1.989876132
1.0346142592 1.0119689672 1.0360793268 1.0031384164 1.0230444016
1.0404182372 1.0270985968 1.0457180032 1.0287653824 1.0106945764
1.09680384 1.0518907808 1.13020284 1.12469304 1.085810884
1.0450895312 1.0201258464 1.028865456 1.0478224616 1.02313941
1.004186316 1.005819886 0.9636049656 1.01860835 0.982702232
0.9831213856 0.9872970732 0.9893003528 0.9616693476 1.0035793708
1.0636544088 1.0054519408 1.0237710952 1.0311013024 1.0411657144
0.9776037808 0.9979005756 0.9876757708 0.9839144148 0.9962602536
0.9681628396 0.9527696744 0.9878018956 0.9409836632 0.9573003448
1.0564336 1.0616163412 1.0104221192 1.0508784912 1.0465436528
1.144600196 1.158159052 1.12967344 1.158797556 1.16126348
1.0700275744 1.0429643056 1.0520014536 1.06893658 1.077347364
1.0643541304 1.0502918216 1.0557993648 1.0511042404 1.0574181252
1.062606356 1.07875282 1.0757938616 1.096183916 1.085013696
1.085758408 1.0665668172 1.0495855816 1.091347688 1.061352572
0.9972700396 1.011962992 0.98003035 0.982247082 0.9699168604
1.0558616772 1.0200139996 1.0332744452 1.0190821076 1.0301038764
1.0131787724 0.9914312428 1.021344728 0.9908560988 1.0342573052
1.01929378 1.0382812952 1.0254355608 0.9931020172 1.01308021
1.0362939256 1.009437514 0.9877590312 0.9846829396 1.023360044
