990
1225
1235
1361
1490
1593
1663
1680
1717
1740
1741
1757
1774
1808
1816
1824
1825
1846
1860
1883
1892
1908
1918
1951
1955
1963
1969
1972
1995
2004
2006
2013
2014
2039
2054
2080
2116
2132
2135
2144
2170
2196
2204
2210
2224
2228
2229
2231
2238
2240
2241
2253
2271
2276
2290
2296
2313
2317
2319
2320
2333
2348
2350
2391
2394
2397
2405
2409
2416
2456
2469
2473
2474
2478
2488
2497
2500
2515
2521
2538
2546
2555
2577
2579
2587
2590
2593
2605
2606
2609
2610
2625
2656
2709
2720
2742
2760
2785
2786
2796
2799
2802
2812
2815
2816
2821
2823
2829
2858
2888
2895
2902
2903
2920
2922
2941
2971
2991
2993
2996
3009
3014
3017
3019
3028
3033
3052
3068
3095
3097
3108
3114
3156
3184
3224
