958
1039
1135
1278
1283
1381
1438
1442
1561
1562
1630
1660
1662
1670
1689
1703
1712
1752
1763
1782
1791
1799
1826
1828
1838
1845
1862
1864
1885
1888
1897
1904
1910
1911
1917
1921
1929
1937
1945
1952
1959
1974
1983
1990
1997
2009
2010
2045
2046
2048
2055
2060
2070
2086
2089
2093
2127
2129
2140
2159
2160
2181
2182
2191
2205
2214
2215
2226
2230
2237
2252
2254
2264
2266
2275
2284
2294
2300
2307
2327
2338
2354
2357
2358
2432
2437
2442
2445
2450
2452
2470
2471
2489
2504
2512
2516
2524
2532
2534
2568
2584
2585
2589
2592
2600
2612
2628
2639
2641
2643
2646
2657
2665
2667
2686
2707
2734
2769
2775
2814
2848
2863
2874
2896
2909
2923
2928
2938
2954
2965
2989
2990
2997
3005
3010
3021
3035
3048
3062
3092
3102
3115
3128
3138
3152
3182
3210
3216
