1140
1507
1549
1602
1794
1833
1835
1840
1852
1899
1915
1934
1939
1979
1989
2007
2011
2017
2033
2035
2053
2077
2081
2109
2118
2122
2142
2155
2167
2189
2216
2236
2239
2244
2255
2261
2297
2298
2301
2314
2321
2325
2341
2353
2372
2376
2378
2403
2404
2420
2424
2429
2431
2436
2479
2487
2491
2520
2529
2530
2541
2547
2548
2550
2554
2559
2565
2594
2603
2638
2648
2653
2661
2669
2678
2696
2701
2722
2729
2752
2758
2780
2794
2833
2836
2840
2851
2870
2883
2889
2890
2913
2929
2931
2949
2958
2975
3012
3029
3031
3037
3059
3082
3087
3118
3147
3148
3154
3158
3159
3193
3204
3232
