830
910
964
996
1003
1051
1054
1069
1100
1112
1146
1209
1213
1254
1293
1296
1297
1306
1307
1360
1363
1365
1403
1418
1437
1439
1440
1467
1476
1483
1503
1533
1556
1567
1571
1607
1610
1614
1619
1620
1627
1632
1637
1650
1654
1659
1661
1668
1678
1682
1684
1693
1699
1700
1720
1724
1730
1742
1746
1754
1773
1785
1792
1795
1800
1804
1806
1807
1836
1837
1848
1849
1855
1857
1858
1863
1869
1898
1907
1913
1923
1926
1928
1938
1949
1960
1970
1976
1998
2003
2005
2015
2023
2028
2029
2034
2036
2057
2064
2075
2083
2088
2099
2121
2124
2125
2148
2151
2152
2178
2180
2185
2194
2213
2219
2225
2248
2250
2258
2267
2273
2282
2287
2295
2336
2367
2377
2379
2380
2419
2454
2457
2464
2465
2472
2482
2505
2599
2601
2623
2634
2647
2651
2658
2698
2714
2731
2733
2749
2764
2768
2818
2830
2852
2855
2885
2917
2952
2957
2964
3020
3039
3093
3100
3126
3134
3143
3160
3170
3179
3192
3207
