645
811
859
939
961
974
997
1023
1033
1075
1079
1088
1148
1183
1191
1211
1251
1262
1264
1265
1267
1271
1279
1282
1284
1287
1288
1291
1294
1298
1301
1305
1321
1325
1336
1347
1348
1351
1355
1364
1379
1386
1395
1401
1416
1429
1430
1431
1432
1433
1441
1451
1464
1472
1474
1475
1484
1489
1496
1500
1517
1542
1553
1554
1558
1560
1564
1568
1574
1582
1592
1595
1598
1601
1604
1609
1615
1618
1628
1634
1645
1671
1679
1681
1702
1705
1708
1719
1725
1732
1737
1749
1776
1778
1783
1786
1817
1820
1822
1844
1851
1871
1873
1877
1882
1890
1925
1935
1947
1948
1975
1981
1986
1992
1994
2012
2016
2025
2026
2031
2032
2052
2058
2059
2066
2067
2103
2110
2137
2169
2207
2233
2235
2243
2249
2280
2323
2330
2352
2362
2364
2386
2401
2425
2447
2455
2477
2480
2485
2503
2507
2537
2549
2558
2596
2622
2662
2664
2679
2680
2685
2736
2740
2767
2774
2776
2777
2792
2826
2847
2856
2860
2891
2892
2897
2907
2939
2992
2994
3032
3180
3222
