21
26
32
35
39
41
42
47
50
61
62
63
68
71
75
80
83
88
89
90
91
93
97
98
106
107
108
109
110
111
113
119
121
123
124
126
127
129
130
131
133
134
135
136
137
141
144
148
150
153
164
168
174
176
177
180
183
186
189
193
199
201
204
210
212
214
215
219
224
226
229
230
235
239
255
257
265
266
269
270
271
272
275
276
280
284
287
288
291
292
315
318
330
340
344
345
346
347
354
355
357
360
367
368
369
380
384
391
397
402
408
413
415
416
441
442
444
446
450
465
483
484
497
499
505
508
512
518
526
533
541
543
548
554
566
567
568
582
601
602
609
613
617
665
667
669
673
676
678
685
689
699
703
713
729
735
741
747
761
776
783
796
797
798
816
863
898
917
923
942
954
973
995
998
999
1046
1064
1067
1082
1102
1131
1150
1177
1187
1188
1204
1212
1219
1236
1242
1249
1255
1260
1295
1304
1313
1349
1350
1352
1402
1453
1455
1497
1504
1551
1557
1565
1599
1622
1669
1674
1683
1690
1706
1735
1747
1797
1827
1854
1880
2177
2260
2309
2360
2540
2595
2692
2791
2811
2834
2914
2926
2943
3003
3047
3051
3098
3213
