99
161
166
179
195
203
205
221
223
245
249
252
263
264
281
282
294
297
299
302
307
309
311
313
324
329
332
334
336
341
349
350
353
374
376
385
387
393
406
412
420
423
424
425
427
431
432
440
448
456
461
471
472
474
478
479
482
488
489
491
495
504
511
515
516
520
522
527
531
538
544
547
550
551
553
556
557
559
573
576
577
578
585
599
605
620
623
624
625
629
631
634
635
636
639
641
644
647
657
659
662
670
677
679
682
690
697
706
712
736
758
765
768
784
794
800
806
824
826
828
833
845
861
864
873
878
894
911
920
931
933
935
936
944
946
950
953
966
976
1005
1017
1022
1041
1080
1083
1091
1104
1107
1120
1130
1141
1151
1152
1165
1180
1184
1196
1198
1210
1234
1241
1248
1263
1274
1328
1334
1337
1342
1346
1369
1372
1399
1412
1443
1461
1486
1491
1493
1505
1506
1509
1529
1544
1547
1550
1575
1616
1639
1675
1701
1721
1731
1750
1813
1847
1894
1895
1936
1940
1973
1996
1999
2038
2072
2091
2176
2187
2251
2318
2400
2434
2531
2552
2636
2703
2705
2735
2751
2798
2813
2841
2854
2924
2987
3086
3202
