194
200
225
237
283
301
320
325
328
343
356
359
382
399
403
411
417
418
430
443
447
452
459
462
469
473
476
477
494
501
519
532
534
536
539
542
552
555
558
561
562
564
581
583
586
589
604
611
615
616
619
621
632
652
653
658
663
666
671
680
683
684
686
687
693
696
705
707
708
715
718
719
724
730
731
734
739
744
750
763
766
767
770
774
775
789
790
792
793
799
803
808
820
827
829
832
836
838
848
854
858
860
865
866
871
876
883
885
888
912
922
924
945
956
971
978
987
1002
1004
1026
1027
1029
1035
1038
1060
1077
1084
1086
1093
1096
1101
1108
1110
1134
1178
1179
1193
1237
1244
1245
1256
1272
1280
1312
1319
1344
1345
1389
1398
1408
1409
1427
1435
1448
1469
1510
1512
1519
1539
1572
1578
1580
1586
1590
1596
1613
1642
1673
1687
1707
1713
1716
1734
1764
1780
1793
1810
1815
1870
1900
1909
1931
2008
2073
2100
2102
2123
2150
2163
2173
2203
2274
2310
2337
2344
2356
2398
2411
2446
2493
2498
2535
2591
2676
2677
2682
2706
2809
2817
2867
2908
3015
3064
3076
3122
3142
