466
485
517
528
540
597
598
691
698
704
714
751
764
779
785
795
809
841
846
850
874
877
892
893
896
897
913
916
955
960
963
968
970
975
981
1006
1007
1008
1011
1025
1030
1034
1049
1059
1065
1066
1076
1081
1113
1118
1126
1138
1139
1142
1154
1160
1161
1163
1164
1175
1195
1202
1208
1226
1229
1230
1231
1233
1238
1240
1247
1258
1270
1273
1299
1302
1308
1310
1311
1316
1322
1323
1329
1335
1368
1370
1375
1377
1378
1385
1397
1413
1414
1422
1428
1434
1444
1449
1457
1465
1481
1485
1502
1511
1514
1521
1522
1528
1532
1535
1540
1541
1543
1555
1569
1570
1576
1594
1605
1629
1641
1652
1653
1676
1677
1688
1714
1727
1733
1761
1762
1775
1777
1781
1787
1803
1818
1821
1841
1874
1884
1902
1914
1916
1941
1944
1964
1977
2018
2019
2030
2062
2092
2101
2104
2117
2154
2162
2186
2197
2198
2221
2245
2263
2279
2285
2371
2412
2433
2451
2460
2510
2511
2562
2608
2642
2690
2695
2710
2772
2784
2789
2793
2849
2850
2865
2868
2988
3043
3084
3101
3107
3166
3195
3196
