1140
1507
1549
1602
1794
1833
1835
1840
1852
1899
1915
1934
1939
1979
1989
2007
2011
2017
2033
2035
2053
2077
2081
2109
2118
2122
2142
2155
2167
2189
2216
2236
2239
2244
2255
2261
2297
2298
2301
2314
2321
2325
2341
2353
2372
2376
2378
2403
2404
2420
2424
2429
2431
2436
2479
2487
2491
2520
2529
2530
2541
2547
2548
2550
2554
2559
2565
2594
2603
2638
2648
2653
2661
2669
2678
2696
2701
2722
2729
2752
2758
2780
2794
2833
2836
2840
2851
2870
2883
2889
2890
2913
2929
2931
2949
2958
2975
3012
3029
3031
3037
3059
3082
3087
3118
3147
3148
3154
3158
3159
3193
3204
3232
1201
1631
1649
1922
1933
1991
2027
2079
2090
2105
2114
2115
2126
2168
2179
2183
2209
2242
2288
2335
2340
2343
2363
2373
2399
2414
2421
2426
2462
2484
2496
2499
2501
2519
2523
2525
2569
2572
2578
2580
2582
2583
2631
2652
2663
2666
2670
2675
2694
2697
2712
2713
2717
2721
2724
2750
2755
2782
2800
2819
2828
2831
2832
2835
2843
2872
2878
2880
2893
2905
2911
2912
2916
2921
2927
2962
2967
2972
2974
2976
3022
3023
3050
3070
3074
3078
3080
3090
3112
3130
3141
3146
3150
3155
3197
3208
3212
3214
3217
3228
3229
1495
1769
1932
1985
2047
2094
2096
2128
2156
2172
2190
2208
2232
2247
2281
2286
2342
2345
2346
2347
2375
2385
2390
2413
2449
2492
2517
2526
2527
2556
2573
2575
2576
2615
2618
2650
2673
2681
2689
2691
2702
2730
2732
2739
2745
2748
2756
2762
2779
2801
2839
2853
2875
2879
2899
2930
2936
2942
2951
2953
2959
2985
2986
3002
3013
3018
3069
3075
3089
3105
3110
3119
3136
3153
3165
3168
3174
3194
3205
3223
1738
2041
2111
2119
2120
2195
2257
2302
2311
2332
2355
2438
2466
2490
2528
2542
2543
2544
2574
2588
2645
2671
2672
2688
2711
2718
2723
2744
2746
2757
2766
2790
2808
2857
2882
2886
2894
2898
2904
2910
2935
2956
2970
2980
3004
3011
3049
3060
3066
3073
3083
3085
3088
3113
3116
3120
3121
3140
3162
3176
3181
3187
1956
2143
2161
2201
2246
2265
2365
2427
2459
2506
2570
2613
2619
2624
2699
2759
2771
2788
2804
2842
2859
2871
2934
2937
2940
2946
2950
2973
2977
3006
3036
3041
3042
3058
3071
3123
3137
3157
3164
3169
3175
3200
3206
3211
3220
1966
2044
2218
2270
2322
2351
2395
2461
2581
2607
2620
2654
2674
2716
2743
2797
2807
2861
2869
2873
2876
2925
3024
3026
3030
3040
3044
3046
3054
3056
3061
3081
3091
3106
3151
3186
3199
3201
3203
2289
2292
2316
2481
2495
2514
2598
2727
2738
2741
2795
2803
2827
2837
2984
3007
3016
3057
3065
3103
3111
3127
3139
3149
3161
3177
3183
3190
3191
3218
3227
2383
2448
2494
2561
2687
2810
2845
2900
2955
2981
3063
3067
3125
3129
3132
3135
3145
3167
3185
3189
3198
3221
3226
2458
2629
2726
2881
2884
2906
2979
3045
3172
3230
3233
2563
2571
2773
2932
2933
2948
2983
3072
2604
2866
2995
3053
3209
2684
3188
2700
3178
