0.2633781276
0.2686238256
0.2648836864
0.2637917808
0.2680761016
0.2676627056
0.26332663
0.2666306676
0.2392822496
0.2373172308
0.244848496
0.2401569696
0.2354988176
0.2406909364
0.2403525444
0.2399427232
0.2636932912
0.2698068548
0.2626303308
0.2675988732
0.2621648592
0.2623907996
0.2665470648
0.2692750968
0.2553621308
0.2460457496
0.2507695156
0.2494746292
0.2479621444
0.2482590312
0.242216828
0.2509980908
0.2704428328
0.267829838
0.26906612
0.2713338528
0.2663625736
0.2677595596
0.2641451088
0.2619702356
0.2496882148
0.260001564
0.2482598972
0.2539632292
0.2649333832
0.2561805776
0.249249478
0.2546138072
0.2481143708
0.2684025356
0.243159804
0.23839115
0.238908272
0.2361924684
0.2461636536
0.244834584
0.2424414688
0.233465642
0.2388735124
0.2427636036
0.2529217028
0.260185342
0.2514340144
0.258881424
0.2626826784
0.2506934204
0.2626996516
0.2624592364
0.2492266344
0.2566210424
0.2442122656
0.2371809748
0.2462819512
0.2391571204
0.2350102948
0.2442256008
0.2453623704
0.2355447128
0.2391303388
0.2327376812
0.2240731732
0.2221284456
0.202210516
0.220712702
0.2352647344
0.2362492472
0.2220000808
0.2348019616
0.242233524
0.2158052136
0.1871247452
0.209725342
0.2125975536
0.2047559572
0.210145604
0.2367115076
0.2205917036
0.2284226292
0.225852528
0.226360612
