0.879293425061458
1.02774292421107
1.10844411766831
0.765430229737065
1.0429124688811
1.05060558921576
0.942526003986535
0.945336814421581
0.943554800090672
0.91099621709559
0.952280730024645
0.90016135551403
0.922374610536201
1.00644588172763
1.09594940589708
0.988971450560923
0.948899049419336
0.908880458337019
0.916282831973106
1.24158351784893
1.0134088220152
0.950931410330906
0.955945212764677
1.04595894410059
0.930627975306252
0.855179508961353
1.05747557209007
0.897634427703612
0.998486169963582
0.906405139883161
1.11022975462003
0.952440692113094
0.929055996248749
0.949874193940524
0.83709065309213
0.883238073790581
0.781996035105133
0.865900680789997
0.970570614123629
0.953410245959389
1.14494962652871
0.893135727632542
0.914463536626249
0.971937699804255
0.900565992370433
0.903148568212795
0.889268180735823
0.874801411436106
0.947617188101264
0.95031500427333
0.819396874319805
0.941792407531067
0.889111037557322
0.898503799050799
0.983769047644318
1.05630558189945
1.16478174728151
0.922664657605631
1.16059096288573
0.884219145230559
1.06565884643328
1.25489910707179
0.996523961019616
0.933036642033804
0.999239524428903
1.17770844481434
0.886139226324909
1.13678271794233
1.13295647907824
1.03364727972038
1.0006892838442
0.954453126183857
0.963347606712607
1.06482865675031
1.20702708613309
0.984660158753303
0.860929905329851
0.927641822288985
1.02582617621679
0.96829408850388
0.982221004233571
0.983000592314546
0.862769811412331
0.982621282958597
1.08502322571219
1.06976087116683
1.05499973510911
0.959726802455238
0.980840622952152
0.880547212039749
0.994684118125668
1.02551960009958
1.17059640072401
1.10015132523634
0.950441655699854
1.03555502969997
0.886539195646615
1.08782036269523
1.09729167533761
1.21211171053757
1.0414523534375
0.952528152647064
1.00659934937045
0.949752221760613
0.917400141287066
1.0166989279753
0.910373537375524
1.01681853876558
1.03549682610149
0.994789488312887
0.980406538128375
0.935093024839424
0.889023276860127
1.08492742026551
1.0022362526076
1.08311406173068
0.875571214865577
1.01690264137662
1.06731663069477
0.997372362355147
0.980860783144398
0.921809335330012
1.20581619877635
1.07505014531558
1.18242083023783
1.0080059641092
0.936859070103363
0.848671187996627
0.936390016891495
1.02263015324972
1.10136903474657
1.02527501350663
0.882805168715888
1.0668714328525
0.834989906515564
0.96341477518081
0.968388167116692
0.805175395267863
1.09200575223909
0.937712840512113
0.966596335000254
1.13951478925296
1.06366744110389
0.989156830300962
1.05137627784047
1.0399271807274
1.16628564474304
1.02758934035855
1.05062726232077
1.03475519750238
0.962276235250369
1.00976194631092
1.16387446451217
0.912440752581043
1.0121759998641
1.1362130660845
0.976537891307729
0.894661719205691
0.913021639436409
0.960987297035295
0.915264992687043
0.97393606079006
0.958558029365811
0.981694920228057
1.04070560978806
1.06246331282021
1.16782057437047
0.993130634643501
0.967916008734182
1.14710057170489
1.17043293978271
1.00432440375575
0.966734268086648
0.81777645824369
1.14112623987468
0.916241756592314
0.887623720560468
1.30437658860953
1.02350213082507
0.996674138988669
0.72677804770442
0.99002094115581
1.09760317349224
1.04138689154511
1.09123221616101
1.19837322006844
1.11691085140136
0.949126298458478
1.07041801784655
0.980158372617792
0.946192921111514
0.714424134498077
0.921035314773624
1.04878146351637
1.21680325395193
1.05006946142808
1.06202102036673
0.903409678986642
1.01626547081183
0.792176245811262
1.04852268205693
1.06967687785649
1.01855139155831
1.07007335155445
1.03116810286614
1.07604623619678
1.18424636262077
1.11123628412626
1.00326639575014
0.888555103520264
1.04180578223851
0.959976476265684
1.14934931026175
0.839291906015028
0.958424821159849
1.04220083732174
0.984826346346502
0.939384888473578
0.969527893103329
1.06295360998845
1.08951719802755
1.06602126318204
1.22734835204475
1.11734975726324
1.02877097283138
0.934022990617869
1.29191401307176
1.06774155004383
0.931567965586399
1.0186492083081
0.967560669951634
0.972529578177419
0.906649665941013
1.01168453449861
1.03191602386481
0.892245787724057
0.676684786707686
0.974512534734547
1.00295178303215
1.05942737741105
1.00591351681788
1.0413398894737
0.890222782542958
1.07111752572704
1.07188887298541
1.0251651069029
1.13572744361518
1.04044684712786
1.02643642698379
1.02680439041437
1.04369305770395
1.10601239054874
1.04521903965287
1.06631986156871
0.886362644600917
0.962950248290788
1.14769695897925
0.877609624948624
1.02580683873961
1.04050028054335
1.09758033218094
0.965112326346009
1.01586254394913
0.823674493345885
1.03385960470999
0.933343497044073
0.976135337567236
0.881223471754281
1.03849353217686
1.06665795156545
0.969538611054226
1.18250110640863
1.06705593705676
1.09486325732552
1.20494030016709
0.934888639076247
1.08086192728463
1.09865806139546
0.99938292039093
1.03190523579319
0.898817809725816
1.04701675477264
0.92990296683709
1.08136828625265
0.918856921600723
1.03193974870995
0.915347734683638
0.975423682087127
0.844714098889454
1.01284340329258
1.09854433894049
1.01832475230672
0.823377078656954
0.937946630338406
1.16560430369987
1.18098053855839
0.882496323198786
0.963329674117236
1.03536254489273
1.03191562208679
0.94200430109806
0.904672129805309
0.982057141305438
1.10098082149443
1.00236266149214
0.93509717804161
0.949562577795181
1.16143914954584
0.955304018874434
1.07631767611133
1.14717186861858
1.04436649036874
0.957827812992981
0.995999837379393
0.950772003177211
1.12277171173128
0.985044643475561
1.15499833839825
0.943838746461869
0.935288274936764
1.01431321590504
1.00241886479911
0.949554847541913
0.841860319006966
1.00300664212554
0.92834233009293
1.10826109554761
0.904731454506071
1.11264827290092
0.935095698262088
1.02924700784067
1.08987027244027
0.948125764320813
1.05544385523451
0.991202632881599
0.886478707059248
0.97299203890001
1.16197898775349
0.978586882630336
0.918221753707504
0.994597707591839
1.03301416098579
1.09553246146574
1.11439598777924
1.01005223983751
1.11645752456574
0.923574005220085
0.76554865953097
0.952831657447046
0.948414451049261
0.768396384849744
1.05624717569695
0.921622486057762
0.977394601377183
0.841289701234596
1.05475242018683
1.18912270173555
0.912192288977596
0.988744108895521
1.1948713064976
1.09338163322077
1.1913059421697
0.999476594206806
0.984773995107836
0.949036834282088
1.14345737034261
0.871416146766701
1.0307314215255
0.995368146672262
1.22518418001269
0.939196627139029
0.849071183014896
1.02326317695086
0.996035130394891
0.916087493249465
1.01322910882442
0.972447525329406
0.932124135873197
1.05008359317758
0.966833768799321
0.816501974922747
0.734825875162732
0.941941782791558
1.14541868708712
1.08381293799647
1.12150535804461
1.09825054427328
1.03157640240184
0.849293737228368
1.02055697871663
1.15972280903438
0.660393646542564
0.921864771569792
1.11024646407519
1.05287450194453
1.07893944035149
1.04570995058561
1.05388331156581
1.00146431224111
0.908351086429691
0.877318490923234
1.00361528681302
0.957860688642861
0.91006355915371
1.04174413174866
1.0153444736864
1.14632830451932
0.887849750267446
0.948221191694498
0.992505291166148
0.859220991856092
0.971529413188952
0.929182882178662
0.785236099886248
0.971616283938864
0.946592783602391
1.11330101941542
0.939593107715234
1.05575115955925
1.01426292932551
0.876313978515468
1.03741439725032
0.989391387653355
1.0166061986509
1.06580348483424
1.01139629199714
1.15851591640312
1.01155534404433
0.874600096071648
1.07418647793007
0.877709838500015
0.808110586823789
0.919006361007921
0.925532277121472
0.93924940773068
1.16067595660649
1.16355994462836
1.07260910966985
0.872616507495654
1.00231465554333
1.04871212338265
0.986297249673027
1.0171745482456
0.905520608510001
0.871237969399379
1.1407765738751
1.02673726890532
0.959160235785399
1.03252712199169
1.20624809731194
1.0362666955664
1.14114046447039
1.13675443145754
0.959282385287846
1.07625417308859
0.934879917696828
0.852634422053168
0.879833420359489
0.985127952186991
1.17970624285523
1.01048087178556
0.919716202664852
1.02303749641637
1.06979751932181
0.870479826805412
0.894531978202234
0.805839251032493
0.873043940699628
0.911256118918389
0.970808423729681
1.1410094052973
1.08886414302639
1.02729743196903
0.943335853397381
0.995979306256343
1.05476122453011
0.949596667839446
1.10590701295588
1.10974535664358
0.883349537037441
0.925308868991394
1.12067387333393
0.831278011945665
1.04197098949063
1.02334987616388
1.31959011978574
0.727031965877305
0.915920419857595
1.06740286686505
1.16743265096714
1.08396870838405
0.857163156444481
1.22393881691678
0.824273377589825
0.888698391209534
0.995685960938667
1.22255869089066
1.05063165873382
1.07303960514358
1.17280775947368
1.09847799683146
0.877526212403573
1.07097262180658
0.989078000742194
1.17826078953883
0.975655532039702
0.847289297774539
1.04918343714666
1.0354503660927
0.998237365236962
0.894344967788277
0.916108533392173
0.998737428350957
1.10381101460043
0.963554228609494
0.912855052781461
0.72957969745533
1.04942498365406
1.04273403249991
1.13091908601097
1.14667226423107
0.985694393370538
1.12985137262107
1.00013135475559
0.932358992431442
0.915180340311453
0.965305889959256
1.02274794430271
0.997259859638889
1.0200877790585
1.01989426718228
1.07145993560837
0.972681822511015
1.16353474579317
1.04376938864796
0.880646414925092
0.972335019580082
1.05158830505351
0.958894466791366
1.03449950494726
1.04343958608311
1.1303477683005
0.934830408926692
0.998311913767201
0.943230754470641
0.887286713023672
0.815102968882097
1.01955290551819
1.06015652251956
1.06391581597899
0.861000718253792
0.887032214660242
0.885884580516243
0.931132850039911
1.01701978181521
1.05944834272574
0.918496734927504
0.713565316293327
1.09538234817083
1.06152847706134
0.929912929944974
0.892633865853021
0.970000880320026
1.01081065628026
1.07232007635877
1.13900950960743
0.91511166016216
1.02907228446435
1.13341760337024
0.909865784474092
0.977723658706715
0.82285319717966
1.02874222501144
0.9358808237676
0.907506235776105
0.922002253081468
1.04445033735944
0.783753099738834
0.957448910007905
0.898628234079545
0.903788097169625
1.04746346272774
1.03517542696045
0.989297964375302
1.05375172566003
0.939789510155187
0.797670235466632
1.11544212805981
0.976930700230589
0.963491123178509
1.01575179293757
1.07659322229844
1.04260869662023
1.09272653999653
1.00461345928405
0.949571435690889
0.969955059164444
1.08229159786459
0.915073120387096
0.90463899043188
1.03134787158826
1.06124733074333
0.830891677246312
1.07846986274423
1.001192513526
0.981874471213004
1.11069544024807
1.14793948709883
0.885260055900016
1.1011654376514
0.936793080502512
1.01323613195191
1.04809260647253
1.01331776275846
0.853713553767181
0.949359821952526
1.15396632373375
1.01727936183873
0.916417607592032
0.934407129612039
1.10575660865353
1.03460834898654
0.910281345800631
1.00062652112556
1.05966705090757
1.1722551807944
0.911825051659065
0.962005404483313
1.09961100158738
0.954087910705616
1.14602657462126
1.10432461769504
0.834095902965317
1.04239577762274
0.858083707381476
0.853530754332932
1.00704209721478
1.00566982219803
0.996729182273441
1.12642812240664
1.02949878857302
0.932691317949551
1.0119588291491
0.948560349100871
0.993188842613346
0.885198808816326
0.988475551987083
1.0102936391849
0.929825651289686
1.00412306242703
0.935123164940152
0.935599214053356
0.979556117493363
1.04908409176616
0.979466301272947
1.01906913239253
1.09700241926611
0.971473892215293
0.989638073145823
1.05112545412037
0.874183754998428
1.05438259689562
0.946503641341701
0.886195397321993
0.823199622912435
0.928502179713226
0.882979773564038
0.882155185158054
1.16272913379533
0.878785333437147
1.09975099174413
1.05452456414202
0.911521088482488
0.938876930211863
0.958980048716664
1.01904093698368
0.965167507104066
1.0826847530285
0.970731309769728
0.783465379003676
0.990378322379662
0.814804315375142
1.09378111352321
0.92523135185605
0.888475856429984
0.940849358470118
1.05852306839092
0.808144180069014
1.02538167915041
0.902775823375383
0.999148655196198
1.06790419110075
1.05696313666924
1.15029616611284
1.01290854011655
0.929881704832338
1.21537072159772
0.969675386173825
1.0807579776908
1.09309914661264
1.04549020982729
1.14254206900636
0.979100882748725
0.876859722090939
0.963939642284665
0.945278670051594
1.03279960075145
0.906670016790634
1.06808108248002
0.883611759981364
1.17554495098833
1.14496373642549
0.955120505878892
1.01400672889305
0.962634967182242
0.879356588276192
0.733865402505899
0.997490550673441
0.996562674275094
1.16423590390448
0.800453785246117
0.933782924139759
1.088003799231
1.03423874200016
1.01217538555238
0.937923896548819
1.0200945267574
0.976409465197666
1.01136611149702
0.942207080471218
1.11885648858383
1.10599362781215
1.13367582108647
0.963283082886978
0.96956632952216
0.964972037576429
1.1374144762728
0.970027950812493
1.00976351442252
1.03811880287237
1.06782125568188
0.973232672776573
1.23459656643349
0.907250534447517
0.857344282630226
1.00423026643898
1.17674434700048
1.00527503271454
1.010972603997
1.08632026155582
0.990102679523038
1.01036965460862
1.12084848756846
1.00937460210528
0.924780348105392
1.03949242198727
0.890847956601258
0.854170757500431
0.987728771504425
0.88990708083316
1.05809230718398
0.985305251064021
0.923366538492765
1.16228975785446
0.989005945596401
1.14217048542621
0.98865789510036
0.967071905841885
1.03734609835971
1.10298881309398
1.27057750471993
0.896505412875076
0.981657014135927
1.10777713074513
1.03416202252988
0.981265637588133
0.869714089147053
0.972134173802433
0.981524609154173
0.991822250282644
1.16122417937271
0.953806016049533
0.842394969918136
1.04964330735311
0.988804621618103
0.979565359978803
1.06355681628564
0.709332604592845
0.944634174723904
0.984654817174908
1.06052905157604
0.973899340381564
0.899486153758875
1.03725661143126
1.00194461765201
1.01105288153953
1.11565704369236
0.945777953978824
0.875079871658092
0.871998740324681
0.897606721220962
0.861234942001194
0.995077888559387
1.18109607304831
0.990048993429173
1.07772371242974
0.889740367481999
0.977835521729821
1.05660949625959
0.964504065474494
1.0785262601468
1.06940473785994
0.936727010441504
0.922804135803869
1.23578173876011
0.980745066364019
1.00066193342142
0.994545397537264
0.943179311945962
0.907302405630335
0.88642648186193
1.09139623390545
0.901393716667713
1.06674854134896
1.14065954897066
1.11577789601179
0.986124680242647
0.946067814903986
0.892110650093848
0.998143786004889
0.97673843143213
1.01562935425142
0.939599024524597
1.06290351201217
1.0714169570852
1.10758861012888
1.22497555173793
1.01978905988793
0.94244536815213
0.992267913499541
0.837208011089898
1.0129923153969
0.957432686673994
1.04060117485211
0.973118981436193
0.861901546370229
1.00365833213446
0.864675546882361
1.08970061939423
0.817064028773608
0.985812305582801
1.04579817778428
0.848038248691001
1.13990553146603
0.911466080909698
0.949366970877868
1.01633321059663
0.966285614374161
0.896404846799017
1.04093379282167
0.947577654178311
1.05065003735242
0.949527713722529
0.90427496710465
0.990536564154674
1.06494393176106
1.02423217993271
0.994106590973829
0.805220592842382
1.14514436318915
0.996006032236228
0.913600230893009
0.979830976028748
1.02612555627274
0.848164861669414
1.07173086322758
1.02468327280964
1.12027670463051
1.09860392704473
0.946205940093776
0.950971725818604
0.900448382743755
0.963829707174539
1.09443548112969
1.17922070116155
1.09284093958643
0.817006233036932
1.08218781061631
1.10362687620034
1.06174201441298
0.914506963688121
1.10645105184847
1.07294814581037
1.06626565843581
0.961859279729576
1.08458917777936
1.01115918844458
0.993222973834396
1.14870980965183
1.07572233766462
0.712595750660129
0.957345755092252
0.851259370436803
1.05887916457109
0.955740048922422
1.09013048023202
1.04678283403677
1.0022040318667
0.991489216820439
0.963873285734654
1.01995065015373
0.88917457452997
1.06727940704864
0.960588636662636
0.925603241441501
0.967388652321659
1.18746688268145
0.824200085465326
0.965113909003513
1.01065892291184
0.946234121879485
0.958873086808816
1.03823483379761
1.02225140885426
0.93262454916803
1.05674329138705
1.017948365476
1.0686341749488
0.867273633851659
0.923208356177767
0.980729749132721
1.09590511980822
0.947096863802056
0.896711300904914
1.07717454904474
1.04653566641985
0.877432893308603
1.20466772402203
1.14986744488973
0.861105091532316
1.21533764637228
0.827088325945064
1.01020424850945
0.885872087250291
0.962299091179622
0.965121790123795
1.03228850812286
0.887566038205984
0.724295027767933
0.990418890088027
0.925330019504335
1.02107814180054
0.915149019149118
1.07922647657043
1.00291874325757
1.06033880124838
0.900505989518655
0.978866754185624
1.03440210874962
0.991062147101646
1.16540374665165
0.803709128679103
1.07561255114995
1.00144186579431
1.09457138040608
0.990119150761372
0.726024575661286
1.04203058494232
0.978162073773902
0.901064467040175
0.934353110381546
1.00556635482013
1.2452063444775
1.01881735737377
0.90203036316223
1.19036104675046
0.956148021780439
0.917027390441454
0.8752768681238
0.932619083691221
1.1935167263967
1.09065614348641
1.07365267714271
1.01466253040451
1.0283120796739
1.05892767207701
1.0215849476577
1.01550532348743
1.09538266363039
0.983414729752071
1.0255003745571
0.910252764064534
1.15839701047028
1.1392758628166
0.818774176827108
0.978368032141054
1.05498560567109
1.04827362375176
1.07608487289501
0.955434198306599
0.879466658037648
1.03014667397647
0.846085477640437
1.06353707234936
1.07029517747552
0.809411713538266
1.09389214495562
0.977550789450421
0.932618322461205
1.04457874448057
1.12806171068986
1.15651301342512
0.87994539638105
0.956230503362601
1.01463814818245
1.00660190755539
0.955496398470349
0.76578876135585
0.972161763249215
0.881819636765515
1.0033125272564
0.916228298815946
0.988238891975371
0.92584774288708
0.959165303081683
0.962222923904128
1.13283667119972
1.0716436306842
0.976771081174904
0.877377309975733
1.10475380909316
0.856359281317617
0.88175310716134
0.922379516418684
0.902768649052425
0.909634243880893
1.12872039460444
0.989381239901269
0.928412904634293
1.06717221964777
1.01976336259169
0.877990327466637
0.943903487954904
1.05337326344117
1.19503154646839
1.15819432296005
1.08377875222361
0.998693033731552
0.827420403798901
0.926914642631802
0.978458613465304
1.04902066685537
1.00593934237562
1.00583120529246
1.1838363106575
1.03876508994135
0.971944927534534
0.957148226203642
1.00953249355319
0.918666859105858
1.13681900774255
0.971246396990977
0.947144757652248
0.912698707674302
1.09358930724007
0.872273267697779
0.953126016106077
1.03125162733397
0.989167769835649
1.0250790417333
0.868380660579378
0.956992455083261
0.829589030241387
0.915786263478554
1.11482505953087
1.02528315359092
1.00852871861245
0.906637386947879
0.944318039384037
0.898362968057923
1.00535252498211
1.07651336061473
1.02991948153815
0.93823842517868
1.05527873135743
1.0387908498869
1.08432109422504
0.955937241366341
0.882063462674727
0.991543093464118
1.03027776950526
1.15590937311244
0.993033747269476
1.04270394144678
0.991673680172382
1.21563977407618
1.13379680593824
0.976769555260476
0.987259591005261
0.997831459572825
1.01132540843846
0.943490458950753
1.00807003872445
0.930422859341106
0.890379786704802
1.08044405577545
1.06566441199347
0.943196932265546
1.12727858414881
0.980745608424303
0.971633478141118
0.904632828706075
0.997564935396584
0.986301403514248
1.00675183911211
1.0445168359832
1.0906600388246
1.03274105664606
1.09925616267521
1.10654005740271
0.706951794461942
0.963722625701225
1.05699325380926
0.888036452769496
0.903934964139591
1.02737364719122
0.955857671135984
0.826851218232149
1.09058548439764
0.915916035849323
1.0386347854926
1.0412430114457
1.15212686430423
1.01965642354608
1.06656103528368
1.11405910922481
0.959361887195241
0.834443864631071
1.01429300364911
1.13259143083088
0.859372233936045
1.10121316149951
0.993986915704217
1.00994814242803
0.965077820249413
1.10368532795903
1.14241564791416
1.15708487913862
0.903259926693271
1.07592858443428
0.962381034554186
0.901659058608481
1.03898951011032
0.998204928625175
1.079172460509
1.1792397875637
1.10367168849363
0.930431438443961
1.01396226649693
1.14132454938925
1.11744375962956
0.841521841733571
1.09464299206338
0.965948591488133
0.937463730929629
0.889879777101729
0.968820453992648
1.06886565053836
1.14352718778674
1.01389070982002
0.992694761357826
0.97976640618882
1.09537993357422
0.891880655255797
1.02500187045513
1.10216219805718
1.10618515111337
1.04170702100728
0.883763384863002
0.917891527018534
0.92795117422846
0.855672803130302
1.00400203344434
1.12229466839668
0.755330608337029
1.07583878919815
0.979733834587649
0.923086615280499
1.07700088114106
1.06483851588395
1.00962173786189
0.908035664683063
0.929513822276208
0.838276593772242
1.1880893908367
0.984440563915239
0.924548625121876
0.783904755583043
0.95705383196996
0.94508720953604
0.859768411711567
1.23839718231247
1.08729443509785
0.846433411282576
1.11339752513847
1.10448401606183
1.05898306887456
1.03991037348949
1.01449491846551
1.06191612176077
0.896738089390188
0.935064386172432
0.899799274180761
0.98341190400115
1.01466562951164
1.06020565241427
1.05290555254928
1.14456958407614
1.05973092874289
1.12563169212896
1.10974420428052
0.941153958690102
1.07513012815068
1.04535143410176
1.01191782341689
0.909661229169478
1.05879824566943
1.00637287482313
0.964516414506322
1.09224957444188
1.09923253685956
1.08735639017935
0.738895653889269
0.910268316728995
1.09372353186046
0.925466366519901
1.04085396297425
1.01829126726428
1.11074022911828
0.928962832962036
0.994219763063927
1.03449234167127
1.1272654447469
0.982261916475795
1.02904059969783
0.865715179399608
1.06330500299382
1.02068197060831
1.06393073425105
0.958932943503209
1.16853566212659
0.986017389575769
1.01211387488501
0.989432082370055
1.0846304891289
0.923155097607692
1.02014624052689
1.0574569598468
0.875476011201701
1.02277188081434
0.940619793773133
1.14288107857622
1.07048980689941
0.827486609059989
1.0919284781933
1.02177409267782
0.94386752381008
0.964441437218518
0.872785783338835
1.03861968516539
0.836147686198574
0.985973722272885
1.0455175607837
1.00833833619951
1.08591733223104
1.00505481045557
1.23089441042271
0.914053682526367
1.15391161686661
0.838553382265105
0.892268354169066
0.90986394529512
0.847888763883714
1.14846938450678
1.103370332013
1.13712664984236
0.939107855854228
1.00855970933091
1.11185074910837
1.10605297881538
1.05601367735723
1.01581475409007
0.883582677768336
1.03096861961902
0.98215061851263
0.934547542797855
1.15761572640004
0.929859626261871
1.02428763893728
1.05160357564611
1.10511547620446
1.03673043962161
1.19732153149735
1.04451367478945
0.951151983150947
1.01025115358356
1.06691292456092
0.780949119182938
0.990443594865297
1.0041525708516
0.9761399126102
1.00513685364867
0.800819363979294
1.03462362847444
1.00030293428011
0.950757149923363
0.713558127740949
0.958878726310216
1.01182085380523
0.992883923223199
0.93913025710452
1.03216452880419
0.90895104679573
1.06992810473195
1.08257323751931
1.09575434119149
1.07988462703653
0.964787278994997
0.997505317176422
1.12450733716948
1.06109419585497
1.03468830326606
1.12791797109547
0.937315415813036
1.00252632716015
1.13015090026372
0.975021030543229
1.01349983447954
0.985332676938911
1.12339305941395
1.01354259823676
1.00672402924147
0.931877789148867
0.95815370597461
0.843078579091802
1.04095865407748
1.08478031929346
0.866261569044753
1.04013547286378
1.0328935897499
1.01953210000402
1.00714626101122
1.16349332608997
1.03330070775793
1.14018126228802
1.04510170208602
1.04873235957399
0.946026254488847
1.26909074157543
0.994018392431068
0.950252413213957
1.03824171499196
1.04091801784379
1.0723745922789
0.908507542562753
0.986281490848044
1.15742932778733
0.951708229695724
0.964380948688943
1.06102222742226
0.939396485263296
1.11345120033973
1.04224682889273
1.00895497114071
0.840828600603638
0.965283298575697
1.20342959844253
0.971409484440775
1.06543787829822
0.907525238303052
0.840929696074596
1.07093984696494
1.14493267962971
0.845561969061596
1.08460692482214
1.03309324706784
0.963381268914086
1.17492849834162
0.8994855038544
0.988256070115816
1.06685055465381
0.891752597856717
1.11059678057862
0.988584661806551
1.12291483044291
0.997670318390833
0.926489453337983
0.865948516686648
0.862693410762816
0.985094290602607
0.799372404080284
0.844043146258191
1.19627015691511
0.982168177639437
1.13576206731614
1.16489920471382
1.01194845705936
1.00036206163376
1.01964434459247
1.06797395067307
1.08011248449644
0.79847994202239
1.00473959880867
1.06130966068598
0.98299815189466
1.02257595244318
1.08924041411251
0.985238690124354
1.15371823103705
1.04526193548708
0.840430574742946
0.981283470796627
1.05676344681289
1.01626791167636
0.862801698707418
0.811604748830867
0.993195299183527
1.06873069338529
0.929199927122785
1.03776772688162
1.05807577392745
1.09746260923933
1.0587452509331
1.02452787788234
0.84339962958283
0.949187185190614
1.08582788539244
1.04518667192148
0.910209576314687
1.03190111448849
0.990603548942023
1.12643083249221
0.996599063472136
0.961183096987206
0.973954516809066
0.912256548591289
1.12927514305066
1.01651878536076
0.93967929242885
1.03986039008015
1.08589521254587
0.957808753143062
0.96945111105703
0.994081198549152
0.799812781204761
1.01554364213574
1.00425622275157
0.973796080120584
0.89788067416777
1.10653571034349
0.954240916212448
1.01353039128793
1.21127875957013
0.940816630461359
0.933126210595422
1.01538787409315
0.971460838840075
0.950730356079902
1.04097715393881
1.02293564507869
0.892537436668267
0.861924914556153
1.05982332414457
0.916053135785225
0.904457493995265
1.12362180706726
1.00759841521696
0.946042709236522
1.07735381194275
1.13043005238295
1.09851099741093
0.898827848931382
0.939397097428161
1.03167260555069
0.863530889135471
0.961803372047234
0.998570725884825
0.993458186800103
1.02234324188617
1.01831821666789
1.08906612422292
0.994692815517991
0.917014188448492
0.987897090217489
0.979034195656516
1.00395895617128
1.14809901974762
1.0566660058392
1.17895803586314
1.11140478511547
1.17940745286479
0.863545110010355
0.929256001500028
0.944371565411251
0.968991890624728
0.962382066427167
1.04585260084269
0.873885085056887
0.947253483679385
0.944318577820146
0.962556127378398
0.939560001901894
1.12031270705327
1.07688732334055
1.02383510232414
0.858497185861131
1.2933774386606
1.09350257573583
1.12338845217259
0.810861527820195
0.977734870688206
1.07681275283609
1.03879536582629
1.06091330315583
1.05905186082763
0.956485924671455
0.974923010150099
0.907373061627669
1.10874358032534
0.805604078409579
0.971937956166365
1.08120775566714
0.979229631299196
1.14507573199668
1.08414931781554
0.913426217787062
0.994012219329904
1.00115311532498
1.02691114513918
0.947183949407659
0.938292615863329
0.973762748497832
1.09123471710054
1.11236105868857
0.939648028631747
1.00553233936384
0.899934156711519
0.924182117086078
0.938856418549474
0.868327773679206
0.799258498278283
1.07680021275291
1.04057613135042
0.916828412108396
1.09580757731123
1.18107192514384
0.74499855151722
1.11502550807174
1.12278936544208
1.01521031626838
0.947691619081263
0.889840663565416
0.912026971858702
0.936329974224591
0.78940685691571
0.935374163987757
1.09867934263195
0.924509985406741
1.15652048628981
0.994995073900847
1.01110287061467
1.04754710459974
0.906099609529286
0.922595438035702
0.957644153276736
1.17728794944105
1.04265506583303
0.990552982691128
0.888340456618434
0.991256485347046
1.03925260901733
0.963937783074627
0.911201563838252
0.905358344620414
0.978008844392544
1.03422201169202
1.09699241294155
0.866454685980288
0.919912052459385
0.795320365581593
1.01100562181937
1.07161003737353
1.02541206023756
1.1228762188015
1.05834040059561
0.941287522627104
1.14466653579162
1.0443394035428
1.05779468857154
0.907816503612272
0.975067329483484
0.877810135362433
0.992746035395449
1.13649012450367
0.954246898015577
1.00652002193601
1.07839803359237
0.84122919268352
0.863063568676183
0.907248019737764
1.03008415598302
1.00804689461039
1.12467468305172
0.876555089979498
0.956093070567735
0.78984060469444
1.16187561713733
1.10843284907441
0.935919909308699
0.974718017374294
0.986517072677753
1.17953559917138
1.0038396717369
1.04129982888901
1.0699572122967
1.06897909445761
0.832894053470812
1.07400483075226
0.907587510088624
0.996831142668903
0.807220701847977
1.02143030296783
0.899496113449304
0.782104650771021
0.832745086944509
0.857927786444898
1.05505316387784
1.03104331769168
1.0685073912962
0.946808950918317
1.01817854598633
1.04115961777964
0.991494095104168
0.889329379646391
1.112913359574
1.16680156243741
1.20191029259395
1.08925480355724
0.981279531679218
0.98723025843893
0.969466986034193
0.973713316214369
0.994853135557367
0.802733664026596
1.00112282503851
1.02353448572938
0.904963014647889
0.824285202480467
0.964003934908483
0.687841044157547
1.16725471122431
1.0690549816449
0.902332967992888
1.00151341756049
0.983454582474957
0.833978663147313
0.91215656197345
1.09658158386024
0.8844178693266
0.92486042883844
0.925491564414526
1.12270524854741
0.980914200617858
1.05543107459747
1.07714331271037
0.961993320020924
0.887144861164402
1.017010177704
0.964145766794893
1.14429384906866
0.948005313675673
0.968935790560068
1.06827374646016
0.933642157963457
0.998204945136309
1.04965910165316
0.959572529949431
0.878835118978589
1.03127437167362
0.972013813581033
0.798014486545528
1.02695788631778
1.01317992508692
0.832122872961847
0.947412049669595
0.982487537655487
0.944336923660839
1.05518484091085
0.842394848671974
0.904570722760887
0.955013657540147
1.14439063951516
0.984474591118618
0.89782810920101
1.15384697471831
0.976882402587354
1.05519238621517
1.112179403687
1.04095453923525
1.13002615260409
0.920907872846478
1.15986194537485
0.817709972649556
0.902463688602315
0.941353934114822
1.02331095518024
0.952655137517466
1.05831109806886
1.04200294472919
1.06788609085705
1.14824610251695
0.857471596223815
1.09699749806501
0.973453423213813
0.919689444931483
0.822296589808404
0.915096310837433
0.970052178085398
0.805975552081015
0.963996721236615
1.05101061871698
0.870202958147036
0.999515259765206
0.865514776511103
0.994831581476884
1.08948497933591
0.782011772720581
1.23064164322672
0.883224964444907
1.09404297186732
1.20791015960619
0.905617597672666
0.932454585487364
1.10216503279974
0.918249656933302
0.904287926598901
1.15811192798267
1.17664428014874
0.977296484111446
1.22811101949753
1.19037472165938
0.993137846349919
0.918614086073333
0.932674468560267
1.1402030463378
1.05400166082966
1.06422741687985
0.998728023501304
1.01828795532296
0.951148541976927
1.11352367360765
0.967394897775078
1.19918625338278
1.05867728943521
1.09883332237171
1.14756239352837
0.995304662014389
0.823246890079977
0.93903660282301
1.05932569122506
1.12033872199931
1.02082568269391
1.08391393585318
1.09430414339923
1.10280931190928
1.07475638442153
0.980857293471377
1.10246901646616
0.949577802523955
1.03485488594538
0.949062612481006
1.04778244573089
1.0500985395602
0.98944194827226
1.00273087389011
1.04337158045711
0.886893551555668
1.10206869005245
1.02692742899968
1.05485486413912
0.983057883764132
0.812155975004951
1.07483071951274
0.973989985999219
1.06182606590637
1.20479369616366
0.884437516202214
1.13529414067442
0.963247801839008
0.994168953671932
0.946778190756221
0.950149952264239
0.884986042242414
1.01262409227281
1.04728638991711
0.981347478479356
0.838071355004172
0.959724095378059
1.04128122418052
0.927928059593948
0.940993476958089
0.883037338213833
1.05914566460718
0.933136105099826
1.31679376472165
1.10130394173582
0.983401268034862
1.00024164722676
0.928269801682559
1.0281338028308
1.00072818971136
0.827029977359167
0.81565263835908
1.06012030314103
0.768206242918338
0.961968792628043
1.16551649001916
0.833714495098447
1.02947296657816
1.15699014391934
1.0511946896762
1.12859024010639
0.903248524644029
1.06323893545067
1.01830786676463
1.13501161169237
1.24873276714443
1.01146616970815
1.1095740364004
0.959729012880704
0.964093028564553
0.944721177008355
0.864532501972434
1.00733388620623
0.996101147000787
1.07218698839814
0.978508104219382
0.908441506622652
0.987156145919783
1.18402104878214
1.04505312559906
1.02747936776607
1.10563764179971
1.17920542790543
1.17108192160986
0.956857106606254
0.992072313561489
0.963677495549941
0.97990095269631
1.04512819298363
0.952005801519779
0.88344748198733
0.976105602870942
1.1449834651909
1.18528738722531
0.959676849553722
1.08269683159562
0.987086509758736
0.987847311320163
0.932572671519954
0.842156620120559
1.18020763964471
1.08011168138645
0.820773527249183
0.965258127372455
1.15543159293297
1.01064927931859
1.01925089206705
1.08492279671409
1.09905146117533
1.06275822116448
1.0415215485556
1.14749390648347
1.17094720739115
1.02283596019493
0.979188311793936
1.00121457552723
1.0349722663255
0.932235535759014
1.06421826791974
0.871056196473064
1.22260672549745
0.751658064102412
1.01728342787058
0.994109585234552
1.0547452297305
0.958952639789569
1.24024051603136
0.985577906055765
1.00233964428346
1.11241219413602
1.06977744904728
1.01809074786943
0.983039716959421
0.976547195264732
0.864506930716295
1.06299560785205
1.04472701525165
0.895595814154325
0.981271442537623
1.12872908702921
1.12740928132619
0.877883864180764
1.08020219065496
1.01268307007026
1.03885148571835
0.912780382678861
0.979291300999102
0.794158731102795
0.92608766828855
0.969337787562458
1.13034176335332
0.894134014494489
1.03017201858352
1.00899731868328
0.863660774942888
1.02825238713036
1.15806994504338
1.09400402463219
1.11314302320108
0.978630409930615
1.095783890475
0.762919037046433
0.874674139064516
0.982515204836704
1.01085115929011
1.05169204543127
1.07216343859448
0.95400561672237
0.951838845348883
0.965072467774652
0.943823402815629
0.987529730160194
1.08775523278606
1.0463346913606
0.956063466367055
0.93075827075032
0.989554720640944
0.979200008743287
1.12193084122282
0.772956430098056
0.902654733095165
1.06211902590456
1.06625616722979
0.934900975127976
0.979126293144572
1.17969116471417
0.890122158510559
1.17777420917533
1.03169444081446
1.10495764216316
0.947371921499326
0.88797874636976
1.03982594940667
1.04213068030037
0.957484635094942
0.91230089940189
1.12999966043095
0.8663213243505
1.14292424297327
0.940530687991355
0.811731354217979
1.2180311231724
1.03787772786436
0.893068717129501
0.962485501837805
0.920520228153762
1.03151228687113
1.01339393856837
0.875944842442115
1.0256480536921
0.932592979325426
1.06332273537851
1.06023648732439
0.996596631347373
0.921029363945098
0.952956444578579
0.89871818623723
1.08335532700734
1.13540235622317
1.00500727119865
1.03368807556445
0.979100112668061
1.02184599878968
1.18734752079237
1.02617218049717
1.13346945193564
1.02477466461451
0.862421513881639
0.880946021824269
0.902618138064472
0.990036880291285
0.988926499988761
1.11921945960068
0.834411406980832
0.895435670932143
0.825976086618816
1.05131207715308
0.955404315401607
0.816080622417739
0.918015236090398
0.900479045128582
1.02973101275361
1.05574164951303
0.872666299252136
1.10250726098461
1.04666121712665
1.02339183178149
1.02644418986788
1.04324199213942
1.09732221539504
0.947080594138872
1.00457684846023
1.27946914139387
0.891199979751727
1.02954295709327
0.856203543478435
1.02130814808578
1.09749606342371
0.764653784466008
0.941548218788683
1.22538741495818
0.922597894446785
0.857633202012111
1.04576693816536
0.927699910920916
1.14837446283852
1.10820488624743
1.07997584441097
0.857478419858326
1.03592038326834
1.03812225506858
0.791654146816671
1.06278339029361
1.03006132458847
0.894160276138731
0.979135054036273
1.20479732298309
1.07840972776947
0.872277068540343
1.00911240065007
1.17468453063403
1.00324521834741
0.948856728459532
1.11648052385983
0.953472265832386
0.976936995125662
1.0855809152531
1.17791443319707
0.917465728430913
0.977112004736536
0.993096268251247
1.08941310574154
1.15404061702469
1.16911065002257
0.977278308413692
1.09312109629702
0.912639737078313
0.946217862664685
0.880305580874169
0.889958418195213
1.05912199303559
1.07337125676925
1.02172775622243
0.923778595660972
1.02969031311711
0.879500621621422
0.824423591596195
0.949725739439379
0.95878721403719
0.905025211448335
0.799585782994394
0.957533462117811
1.05327040599243
1.07861753104614
1.159545412796
1.00417731560774
1.22764750502569
1.04527002186335
0.984310139153446
0.806998179680718
1.24304054161173
1.14107007451004
1.06336929760847
1.11184549633141
1.10443726298647
1.08592079056236
1.09418352924092
1.10621315836472
0.930989517008418
0.973146214474237
1.01175220016339
0.914439467368802
1.21752063392533
0.867555011044605
1.0142196304649
0.920535505261514
1.00892238076606
1.01690085680576
0.995163560803305
0.690534467702232
0.750374652211241
1.07206202900804
0.910784214667372
1.00970200128514
1.08000298617149
0.983170317759732
0.928553144104523
0.977339434366546
1.16085409275119
1.15600375308607
1.19459047621514
1.15008400129551
0.840680288331944
0.814447811029948
1.00652080811471
0.98222791126525
0.852225591344188
0.800570756503959
1.12475201733288
1.16703757754983
1.02639231873595
1.01707469509298
0.98778946126457
0.950557259279157
0.860946503594876
0.97950997072497
0.895112645816437
1.01907464891447
1.07076580624889
0.97091353186132
1.14839965866843
1.16752251549064
1.12374102376991
0.858800002369371
0.845825537056004
1.00769444109442
1.01583226988493
1.06734444322802
0.853041245571991
0.972483898644368
1.03517725579755
0.833514688864433
1.01869321520358
1.19028274960604
0.848122427504563
1.13305266325199
1.10516004878014
1.10551216722837
1.14314069641956
1.00206470049523
1.02013348882351
0.901020724669681
1.0518479614529
1.12742558760856
1.01921793290021
1.11751695647671
1.12423929312046
0.870861005684559
1.03379710889933
0.952484732053598
0.983404560454059
0.983361137059723
0.887683946435088
1.09409467240138
0.908672330800176
1.04858721212132
0.820480302130625
0.963019853005315
0.979131942927535
0.933888823769873
0.982340371550853
1.10358115725368
1.05853527307013
0.92067491675278
0.978745951184147
0.990336128947424
0.96216495917517
0.986819601456965
0.970651542454442
1.21374810872396
1.02899479631483
1.05476140091861
0.942101571291655
1.02421453751949
1.02876591667993
1.03959829555557
1.01836205598393
1.19827846390733
0.803322309249339
1.05447282499239
1.05297082147263
0.928704469918904
1.0059129728232
0.908906289749423
0.925572732505679
0.778835964713535
1.12700514507791
0.945281606781533
1.06050202739993
0.972532933288491
1.20238414743823
1.02420617111821
1.22188414388665
1.0164227326967
1.14509759385635
1.01234160139769
1.03488014448367
0.9756998458241
1.01026157355476
1.07162219521094
1.04898970914758
0.835734341659925
1.12162813971656
0.925634756070214
1.09430824149071
0.987649792386751
1.00705507685898
1.05204732103905
0.910016091025073
0.993235357830666
0.930297645203919
1.06812092913205
1.03342161857524
0.85772705629524
0.968749780304977
0.940168558824526
0.933661924323826
1.00057082539341
0.818277092557459
1.19249185520801
1.04760221678949
0.806555679074459
0.908617998878044
1.03704201312849
0.770670354594568
0.951797651126756
0.99807550972381
1.12704252503709
1.16759645776218
1.13233098056922
1.14818735406866
0.950352116093752
1.11379538335161
1.00411068780126
1.18123849936444
1.03347573427229
1.06858836804549
1.03835394565995
1.08176855871153
1.03841410137899
0.955159564114899
1.01078966501991
1.29398211600723
0.892270204912289
1.05053080492241
1.04194030281784
1.10079728964757
0.768043267351413
0.873852601116524
1.01282449446873
0.907237179307978
0.95701316091113
1.06790266368551
0.996769739453993
0.921859551974114
0.970912661409547
1.17317008021098
1.16013459815989
0.954965963756424
1.15462907332082
1.06106626422188
1.08929742914274
0.903576433735619
0.846246587432176
1.13290196838156
0.926664453037743
0.936909539751382
1.02198884242372
0.835156056390794
1.0592309914129
1.1325891924107
0.988544088504274
0.827188052880165
0.941111545640242
0.944287482209861
1.10477404722146
1.10560285900861
1.02996131834787
0.961485253022402
0.98531887431379
1.0673903556218
1.08115889191354
1.17560832558532
0.878260003758885
1.03772728621767
1.02587076329724
0.827675066358692
0.978824236638404
0.944775353277196
0.88321093335377
1.0249717416931
0.760756077513952
1.1072541199012
1.14946636493169
1.12513726818649
1.09134294983009
1.02476991741065
1.01606687898644
0.988640315960122
0.923941828563307
1.02081471939584
1.07513504383244
0.869149295655731
0.974983879910347
0.966103824155029
1.03033975019415
0.913753886199147
1.09601203818139
0.949833959020881
1.12701476975646
0.948846880640187
1.12091339261401
0.966374949393419
1.06471124231248
1.02773312873621
0.990874834563747
1.14948358780041
1.01841218736316
1.04255518568186
0.985778083466332
0.959387596516667
1.22084473201058
0.978868220154134
1.01438043822884
1.03313355006371
1.01737740273571
1.14289400254854
0.883100386221016
0.965240233342423
0.886274584898856
0.930760917489642
1.04934573901431
1.08450015643311
1.28478250534552
1.05023960407382
0.970539006505792
0.899534134060589
1.04051579133603
1.09277156910891
0.957198246616939
1.02673142895711
1.0244523476432
0.959952085485669
1.07801069035943
0.857017064861663
1.20238033975381
1.00540846199169
1.04266176391976
1.01074526384339
0.867443107846441
1.05905903207931
0.988527142277736
0.897786653003231
1.03829036225187
0.805066162036398
1.15357402290625
0.909947890866162
0.987655282437078
1.1852161559317
0.855179074578096
1.16779437745844
1.08071262758545
1.07164167157776
0.781074672211964
0.975767173812751
0.860571201867053
0.929145408458888
1.0438613706878
0.911663108028658
1.10877691035491
1.004892479514
0.841339592713199
1.08557625143439
0.939700632848982
0.89630441776274
1.11833647931089
1.03178220511312
1.04938874588391
1.03162821718419
0.930233236851582
1.00180159109155
0.982069422789461
0.934991231266557
0.830826392863665
1.04784294184956
0.933286228953772
1.1318081030593
1.09844633300435
0.970146497305637
1.03249473556186
1.0929028803868
0.971545778604297
1.30224756073336
1.05646548433358
0.990663410452639
1.00551751135643
0.99613466646135
1.13090097435505
1.12433264194705
1.01357460226784
0.984114625602631
1.05893797331737
0.940388257204024
1.00566506693317
0.981380307642473
0.858325567417661
0.943668865129449
0.889118931116917
1.0940367423405
0.882748792642189
0.987991174615071
0.902876299551792
1.00948009995226
0.952669221954636
1.23518914346464
0.966796856857538
1.07502013300748
1.03853682389721
1.06790202267084
1.10235641705615
0.951428851917002
0.886652112346873
1.06636194457771
0.907387763988438
1.13652663922502
0.890646815180636
0.743568107263255
0.894193641787987
0.948255940741462
1.18992525377378
1.0823985914005
1.15731321865134
0.868606795845389
1.11146771359948
0.939201155080975
1.08669110479091
0.805654966072521
1.09841658997479
0.969781404586676
0.981366821981182
1.1324513191451
1.03636482248539
1.01007369697797
1.08234255484169
0.911108227441212
0.866849826806178
1.10836075937165
1.14234178173535
1.04996410615427
0.999216545694049
1.14198030574951
1.01489033312038
1.03894462040723
1.01181503534808
1.07524501124027
0.882806485762583
0.95368855941988
0.979964724390433
0.838010594338918
1.07721251209706
1.02160938251078
0.929037869079655
1.03510048168584
1.01726285400683
0.929542917554127
1.0063448553266
0.924176354908787
1.05358709776528
0.860961300718515
1.01617611880315
1.08451450385276
1.02042531780643
0.922102854392507
0.891535486872422
0.837734280072026
1.04562577665761
1.01840732874362
1.00579763571196
1.06921157146153
0.863376242672432
1.05392092810598
0.867806795284428
0.971871133025541
0.78950531192305
0.838239526514863
0.927626811926125
1.03067410361141
1.02255961989436
1.09357160410185
1.04424048531693
1.04545190329089
0.903792604205354
0.886753477777213
0.939967301792142
0.822493895000921
0.990828581171721
0.976737426611368
0.948689072959126
1.01855885862334
0.856837688948573
0.810135521245044
1.05712372283639
0.902437395023742
0.912352380136917
0.95547538180497
0.922567020079513
1.1231309496555
1.1028078895746
1.00501034025012
0.978961785923062
0.938693116465966
1.09954492529957
1.02392741592713
1.02128211896749
0.850369684340577
1.08776933490648
0.939656150062979
1.03414922015074
1.00497093743721
1.13176271459613
1.13494569404246
1.13025748709313
0.991286021314135
0.988645103149023
1.00963360518561
1.04887576121917
0.997038123316213
0.867318488805568
0.911001207853837
0.89096653073629
0.933241066281864
1.1294703286551
0.990866055235096
1.06699432056361
0.991116792983504
1.09512279675194
0.818384036316015
0.953198486463358
0.991461542471365
1.03769194984453
0.976949296895829
0.979234892260517
1.1130153994787
1.0624426473284
0.967299869377825
0.99355746917422
1.06908832935121
0.838004266466747
1.08476920264841
1.13694709277091
0.940640216919684
1.005418533528
0.84613128196798
0.988010696654235
1.02636303429149
0.924187518518691
0.989921712151799
0.906816256192092
0.9907683939501
0.976061447834027
1.0497228176913
1.07494474172699
1.16544467004357
1.08470752375294
0.959113758527934
0.981366240601914
1.17352856206353
0.881208669921947
0.988163172645244
1.23929786000836
0.962291026176013
0.8809236801986
1.02822501501274
0.873419209514804
0.857559213883379
0.978452908592479
0.881441263477139
0.953764018134735
1.12581628084085
1.19670435006939
0.92924186304163
0.956605347496925
1.02568668136188
0.895481470758503
0.998065872318685
0.895156948857907
0.918239044272347
0.987975431483993
0.991154861013555
1.08163817853767
0.959512129615509
1.05664177863123
0.829136966401775
1.02672089799354
1.0845661236412
0.994208166747999
0.985703262335492
0.959828148536154
1.01458404402851
1.0825918551201
1.09388377082963
1.02355209449165
0.94956375086433
1.17306576385985
1.09821647099945
0.907520188980855
1.02055508158375
0.836035035076035
0.837374765882471
0.918134204804501
1.00331242280876
0.94354523053833
1.122801470526
1.20844556288535
1.09092047005188
1.12603875813277
1.08610261701366
1.10935220280772
1.24617705502081
0.93059695863489
0.880197685841239
1.26159393263915
0.942513165737187
0.87004756058175
0.89478904014531
1.07480309914925
0.945952639019952
0.960011026123637
0.969267414975245
1.09134865554687
0.994196398026683
1.08794981024726
1.00852416004161
1.11541634745299
1.08166451751089
1.05163687778402
1.07193042519967
0.816628864140348
0.989235373001376
0.961556669345758
0.844488311981655
1.01801979716845
1.06162218697653
1.05710573374823
0.930627296040524
1.03564475918608
1.03959686052692
1.18290589815653
0.888169893523712
1.06892047987942
0.965876199456959
1.02472094670229
0.88674562981386
0.91208136363052
0.845475483198272
0.990924235587012
1.02087682663719
0.974374056199684
0.914879118699263
1.06099531782821
1.09216656375013
0.972357499900619
1.14124094393377
0.870024329193998
1.07122971104672
1.07959333230895
0.916012371745218
1.05782061322755
1.06865409622931
1.11745613891913
1.03775669144014
0.911769191381452
0.945982197512462
0.950637737971517
1.10080194762888
0.940331070737879
0.883832000545845
1.05046878341736
1.08621805551778
1.21154663477513
1.08099766493832
0.999128466556526
1.01615716795457
0.908396755500754
1.2206933824946
0.922139371218122
1.0126157026961
1.07693887824001
0.844753868517471
1.09613577700515
1.0306088393304
0.984984326013326
1.04646368667378
0.952919540930062
0.774112281685384
1.06700533925671
0.954492203731573
1.15314321008369
0.914251962417324
1.0684151975021
1.05628193596973
0.995311570768061
0.885439275775704
1.01878704084512
0.866900268990578
0.923675622209404
0.927435464167026
1.12491197783189
0.838903499251317
0.914159582292536
0.864071485591619
1.03974176188289
1.05036199217321
1.17504224000058
0.925864184269254
1.1659318485148
1.05047666874757
1.02189733650455
1.07896057111691
0.901558759834783
0.978675764242988
0.933735613704248
1.21572705054328
0.919943316616305
1.00854936287213
1.04996672481064
0.77608189903146
1.06372728509662
0.808974464728619
1.0409234507823
0.822667660075438
0.933534484603313
1.00915714509262
0.930458049910165
0.878007794613461
1.1880859937329
1.02152732541944
1.19916253597081
0.932740443621282
0.950887071419699
1.19470143984295
1.00537337301719
0.996749905313369
1.12010445009794
0.936107349468915
0.867365922314912
1.03610046511832
0.954733198489257
0.985615815296374
1.05202991289846
0.8417660563418
0.843150827234583
1.11712197049805
1.00154579575332
1.10202919582547
0.984620003438636
1.05442133491006
1.04523596681086
0.919698619528581
1.12255458173529
1.0860497783069
1.01715701840726
0.99811633685316
1.23193169588559
0.834934848513253
0.900446037745343
1.16978292106256
0.982819879179808
0.826804930161255
0.961998195739399
1.06319143000642
1.11645221062123
1.04997839766688
0.939818550289772
0.845960470108883
1.16230723755034
0.997220895132837
0.940441854005254
0.947089027018499
1.0915264270463
0.85770006811337
0.965725926559906
1.12552628578067
1.05595059214105
1.04583714866063
1.02010571003214
0.928358739828371
0.988813813719323
0.915601888823348
1.08120682866864
1.0402375860344
0.952982392082513
1.11545513313509
1.1491123028072
1.10211640391661
1.09792010117544
0.950538905172468
1.10714708420847
0.879502530681994
1.10217972683066
1.14212242518706
1.03853650443464
0.99073913525975
0.946308376170053
0.868083165579914
0.977558073197214
0.984021216316232
1.11933448259706
0.891391525807539
0.988791997996601
0.957671385096732
0.96618266312177
1.06602701535451
1.00382140905262
1.00997946267443
1.0459999018913
0.843175824943345
0.989192730618432
1.0117422503156
0.971278255920245
1.08051181152786
0.855949778560252
0.719215076320986
0.879303705120823
1.04696235839979
1.175901202663
1.15633577794033
0.858191212630417
0.915945111719782
1.10808845954169
0.999426836255036
1.0453794053103
1.07286227082096
1.10724763177501
1.16391383784576
1.01322162918439
1.00288187267031
0.799936564157329
1.07804696606808
0.98641456785532
0.859899265652782
1.01208758243852
1.04469585324164
0.867744148282836
0.946689816248362
1.01417590114682
0.88201767057974
1.00279383978957
1.00686368898788
1.15744599762645
1.13134094289349
0.92540396175373
1.17306912553387
1.06874400910569
0.823747465223816
0.898771608581332
0.918012405567334
0.984158039280762
0.945143282462812
0.878290119667399
0.874874975794457
1.13229930501199
1.0172777983403
1.01416339455754
0.995125853346926
1.07595314819006
1.05367888818401
1.03520891764634
1.24459957739317
0.952467593001589
1.08408475691864
1.12923264608426
1.02646589067836
0.869952445165744
0.958169541099595
1.05329530524077
0.946067143609653
1.02042664767924
0.947408482755088
1.05477825629286
1.13545111475693
0.929350096792094
0.883284044035564
0.934184576249547
0.988835393227603
0.927755836418844
0.871456771114551
1.17464854240195
0.946079037376678
1.09485998713222
0.904975076275297
0.95831683771663
1.04132349928216
0.982772370312895
1.079993080998
1.05037418025169
1.01197388122257
0.974273374802534
0.866371993678208
0.919982957563864
0.882649661249275
0.983150804330648
1.00087969342272
1.06452402648437
0.941674273285732
0.914555440807167
1.00296119674811
0.971511352171854
0.994849202753959
1.25363747380012
1.10677335196149
0.931492328781563
1.08571907010018
0.9281558971765
0.82901111971427
1.1282978225011
1.0144490031065
1.00564946268066
0.929037933263834
1.12424535014464
1.01925622435556
1.12973821250896
1.03498521907636
1.05645578333628
0.913393866633983
1.02428463643498
0.893904736042461
0.757844071252789
1.09416075638845
1.14328841439785
1.04183173805525
1.02680091399978
1.03840522705967
0.817284051540719
0.90202603517861
0.934265988787903
0.981719631920413
1.03645084293721
1.12347965360422
1.15720382238218
1.00369733989263
1.06483567816428
0.97287811167884
1.01584615152562
1.08957204630263
1.04724880128838
0.950950970258321
1.06555353177011
1.08496976620921
0.936366495942265
1.05132924140965
1.09566564794835
1.08097102938476
0.982354484006389
1.08266331413932
1.13405966568179
0.900378305080003
0.782245633755089
1.09125059224565
0.921498282963289
0.926839046057222
1.07780084054375
0.858616050230907
1.02974337014646
1.23597635928019
0.894300306114171
0.957090287755713
1.04755523762737
1.01689659225818
0.888214760752404
1.02121035248033
0.965115461629794
0.900353348917505
1.10428718399567
1.17064713461363
0.847875670538301
1.11469168753732
1.02344396152943
1.05432188175605
0.961492759059498
1.05140554898864
1.03080042243546
1.1839153927046
1.15934046497351
0.964180314990935
0.888712282226673
1.04959184955434
0.862544572006357
1.05562101531533
0.951933184896869
1.12228837504472
1.09844959723362
1.15832022016743
0.947479284667548
1.20164796474852
0.926591080585169
0.876937758659222
1.01183323002875
1.04720148482241
1.12613947845244
1.0504969891468
0.922357227648079
1.09007557689823
0.911388279588107
1.11535906762799
1.03824123227429
1.03027712588552
0.913357931288039
0.935118133140043
1.10854464997087
1.04259282334622
0.94977759858466
1.02402251260815
1.14847197344687
0.959174174486931
0.829941987388241
1.06194887614423
1.00531263490262
0.927770140419659
0.931412508366145
1.01020779414813
0.995208519418998
1.00858521162776
0.977937708781959
1.05814485394105
0.906394360050921
0.919225936945379
1.18256761471657
1.10945512344999
0.95240813530833
0.880380334224152
0.710407296455584
1.0932934683203
1.01809636202122
1.03760350237671
1.01734797052483
0.99216394337642
1.10866446049689
1.04421005643378
1.07477122269763
1.00022176109628
1.07646383697495
1.03421899778291
1.02050111022945
1.03603414461999
1.08084271728082
0.885691914895644
0.808899289949302
1.05907920925177
0.967596511998753
0.821764994482967
1.05556402608362
0.935158147742215
1.0765265040457
1.0371950441275
1.07893055416244
0.815057759364599
0.881131869899553
1.09854213414318
0.978569847646261
1.19663198282862
0.982081913665426
0.792582453163848
1.07041050856648
0.920701071395325
1.17152147525544
1.18451027547249
1.13982671657364
1.02821621259574
0.930869721648047
1.00239963959876
0.943888946547134
0.929091922458437
0.869429146918284
1.01902853778523
1.09522028525798
1.02655668020358
0.930673593428581
1.03771868562989
1.072668679675
1.02589038736563
1.08059014514753
0.847376671562592
0.994091465339473
0.936220762043453
1.05522359935483
1.14037467128731
1.05120515096238
1.06604791099108
0.948082484591174
1.07216852531314
0.97218377457485
0.9475300625469
1.00625388737658
0.95494011283059
1.21162435759305
1.0431318898634
0.927680557335811
0.96570976018098
1.14953888558419
0.89906247163785
0.879652514199931
1.03956040226329
1.10590912741467
0.802114587012316
1.01909732053266
1.22164448121722
1.03482608282616
1.08813894515907
1.00380558493193
0.934973999944913
0.889924956833014
0.933524407541864
0.863527736699187
0.998068729863701
0.908907757548351
1.03299821963506
0.937939787364732
0.938077204571138
1.08108986171931
1.0689960378373
1.22686949446195
1.00571667053753
0.819952292029412
0.902817255491943
1.06405085868655
0.987047278911736
1.09517322474682
1.09836136331683
1.21700371517533
1.02847787850748
0.992278375593261
0.949185673991067
1.01087277322343
1.04220937119977
1.15422237356971
1.05751817431489
0.865920706106949
0.880393482677978
0.843840178757997
1.10627937312275
0.859166259844937
0.942356945912753
0.879365639101423
1.12038332430804
1.15345362797832
1.07684334219128
0.906026623638979
0.970094667095604
1.02487451228188
1.01932513214704
0.883213143585068
0.976744478236804
1.12744878480547
0.894844947296446
1.07852163392984
0.962221248481318
1.02174636423216
1.05980951173885
1.01360665381588
1.15459822151926
0.854795309993613
1.02789860839158
1.07060232994577
0.998415111474931
0.933296308925605
1.19159543343651
1.09569291901389
1.10584571195033
0.885081748943544
0.953423857853915
0.801007235050233
1.03359394253165
0.825319469889286
0.80788069577451
1.05602105764084
0.843116593716389
0.955695090478501
1.03675046969009
0.990165223059267
1.07256487398206
0.915725211032819
0.956961981460163
0.869689059092068
0.859982989661769
0.996270338318944
0.959055216801533
1.06021723440166
0.894364284337948
0.945104632994519
1.2274177113246
1.03331208111368
1.04645122944352
0.899430429539247
1.19976369386601
1.10699636888301
1.14260160026873
1.07991075182413
0.989777542506871
0.942772265712146
0.915422630145811
1.03998579546302
0.936770001597723
1.0202814797082
1.0131386156222
1.04482753460035
0.975967250210408
1.02003303556435
0.918077578345022
0.907550811406009
0.967938384949509
0.901560065920163
1.02174782269571
