0
1
2
3
4
5
6
7
8
9
10
11
12
13
14
15
16
17
18
19
20
22
23
24
25
27
28
29
30
31
33
34
36
37
38
40
43
45
46
48
49
51
52
53
54
55
56
57
58
59
60
64
65
67
69
70
72
73
74
76
79
82
84
85
86
92
94
95
96
101
102
103
104
105
114
115
117
118
120
122
125
128
132
140
142
143
145
146
147
149
151
152
154
158
162
169
171
172
173
175
178
181
185
187
191
192
197
208
211
216
217
218
222
227
228
242
243
244
250
251
253
256
258
260
267
268
277
278
298
300
303
308
312
316
319
326
337
339
348
358
361
362
363
365
371
378
381
388
390
395
396
400
401
422
434
436
454
457
458
468
481
506
514
521
549
571
574
579
590
642
656
661
672
701
716
737
748
749
755
756
762
769
773
780
791
818
823
842
867
880
901
948
949
986
989
1053
1119
1125
1128
1147
1153
1162
1169
1218
1221
1224
1394
1415
1424
1425
1487
1513
1520
1600
1723
1878
1891
1946
2087
2139
2145
2223
2303
2334
2349
2384
2392
2408
2422
2453
2533
2918
3027
3038
3109
3173
3219
