862
1015
1117
1214
1217
1239
1266
1318
1332
1340
1354
1373
1406
1411
1446
1458
1488
1508
1515
1525
1537
1563
1584
1640
1646
1651
1666
1685
1686
1695
1697
1698
1704
1710
1718
1736
1739
1755
1758
1765
1767
1802
1809
1819
1832
1839
1843
1853
1872
1876
1879
1881
1889
1893
1896
1927
1943
1965
1971
1978
1980
1982
2001
2020
2024
2040
2042
2049
2050
2068
2074
2085
2097
2098
2106
2113
2131
2134
2146
2157
2158
2165
2166
2171
2206
2211
2217
2220
2222
2227
2259
2262
2268
2269
2272
2278
2293
2299
2304
2326
2331
2339
2369
2374
2387
2393
2406
2415
2417
2418
2423
2439
2440
2443
2444
2463
2467
2468
2475
2483
2486
2508
2522
2536
2539
2545
2553
2566
2586
2616
2621
2635
2655
2708
2715
2719
2728
2737
2747
2763
2778
2781
2783
2820
2862
2864
2887
2919
2960
2963
2969
2978
2982
2998
2999
3000
3034
3055
3124
3131
3133
3144
3171
3231
