44
66
77
78
81
87
100
112
116
138
139
155
156
157
159
160
163
165
167
170
182
184
188
190
196
198
202
206
207
209
213
220
231
232
233
234
236
238
240
241
246
247
248
254
259
261
262
274
279
285
286
289
290
293
295
296
305
306
310
314
317
321
322
323
327
331
335
338
342
351
352
364
366
370
372
373
375
379
383
389
392
394
404
409
414
419
429
433
437
438
439
451
455
463
464
467
470
490
492
493
496
498
500
502
507
510
513
523
524
529
545
546
569
572
575
588
594
596
600
603
607
608
610
630
633
638
643
646
660
664
668
688
695
700
709
711
717
725
733
738
740
742
745
746
753
759
760
771
778
786
801
807
810
817
835
849
869
899
938
940
943
951
962
1018
1024
1056
1068
1085
1089
1115
1122
1137
1173
1200
1220
1268
1277
1290
1315
1366
1371
1400
1417
1450
1462
1477
1501
1538
1603
1621
1658
1770
1771
1814
1829
1859
1866
1906
1930
1958
2002
2065
2082
2095
2153
2199
2277
2324
2329
2359
2402
2407
2630
2644
2660
2668
2704
2725
2822
2838
2877
2945
3215
