273
304
333
377
405
407
410
426
428
435
453
475
486
487
503
509
525
530
535
560
563
570
580
587
591
593
612
622
626
627
637
640
648
649
650
655
675
681
692
694
721
722
723
732
752
754
772
782
787
804
812
813
815
819
821
825
831
847
852
853
857
870
872
875
879
882
900
902
904
906
915
919
925
927
929
932
937
959
965
967
969
984
1001
1009
1010
1012
1016
1020
1028
1032
1036
1040
1043
1047
1052
1072
1074
1103
1105
1109
1114
1121
1132
1144
1145
1158
1159
1167
1174
1186
1197
1205
1216
1222
1227
1252
1275
1285
1286
1289
1292
1300
1303
1320
1324
1327
1331
1333
1356
1359
1367
1382
1384
1390
1405
1407
1410
1460
1468
1470
1478
1479
1499
1523
1527
1583
1587
1588
1591
1611
1625
1656
1664
1692
1696
1748
1779
1788
1789
1823
1850
1865
1867
1868
1901
1924
1950
1954
1984
1993
2000
2037
2061
2063
2071
2084
2107
2141
2149
2164
2174
2175
2202
2291
2308
2315
2366
2368
2382
2389
2396
2560
2611
2614
2617
2633
2754
2765
2770
2915
2966
3099
3163
3225
