386
398
421
445
449
460
480
537
565
584
592
595
614
618
628
651
654
674
702
710
720
726
728
743
757
777
814
834
837
839
840
843
844
851
855
856
881
884
886
887
890
903
905
907
908
909
914
918
926
928
930
941
947
957
972
977
982
983
985
991
992
993
1000
1014
1019
1021
1037
1042
1045
1050
1055
1057
1061
1062
1071
1078
1087
1094
1098
1099
1116
1124
1129
1136
1143
1149
1155
1156
1166
1170
1171
1190
1192
1199
1206
1207
1228
1246
1253
1261
1269
1309
1314
1317
1330
1339
1357
1358
1362
1376
1380
1383
1392
1396
1421
1445
1447
1452
1454
1466
1473
1480
1498
1516
1518
1530
1531
1548
1552
1559
1577
1606
1617
1636
1667
1672
1722
1726
1728
1729
1744
1768
1790
1805
1812
1831
1861
1875
1919
1920
1942
1953
1957
1961
1962
1967
1968
1987
1988
2021
2043
2056
2112
2130
2133
2136
2138
2147
2184
2188
2361
2388
2410
2428
2435
2441
2513
2518
2551
2567
2632
2640
2659
2683
2753
2787
2806
2824
2947
2961
2968
3077
3079
3096
3104
3117
