606
727
781
788
802
805
822
868
889
891
895
921
934
952
979
980
988
994
1013
1031
1044
1048
1058
1063
1070
1073
1090
1092
1095
1097
1106
1111
1123
1127
1133
1157
1168
1172
1176
1181
1182
1185
1189
1194
1203
1215
1223
1232
1243
1250
1257
1259
1276
1281
1326
1338
1341
1343
1353
1374
1387
1388
1391
1393
1404
1419
1420
1423
1426
1436
1456
1459
1463
1471
1482
1492
1494
1524
1526
1534
1536
1545
1546
1566
1573
1579
1581
1585
1589
1597
1608
1612
1623
1624
1626
1633
1635
1638
1643
1644
1647
1648
1655
1657
1665
1691
1694
1709
1711
1715
1743
1745
1751
1753
1756
1759
1760
1766
1772
1784
1796
1798
1801
1811
1830
1834
1842
1856
1886
1887
1903
1905
1912
2022
2051
2069
2076
2078
2108
2192
2193
2200
2212
2234
2256
2283
2305
2306
2312
2328
2370
2381
2430
2476
2502
2509
2557
2564
2597
2602
2626
2627
2637
2649
2693
2761
2805
2825
2844
2846
2901
2944
3001
3008
3025
3094
